leftGlobalCam_pattern = [0.9994443374408564, 0.005969841457647139, -0.03279294665592389, -77.88660093029725;
 -0.006459104751525861, 0.9998691053489072, -0.01483415432658336, -34.21113721487674;
 0.03270009668512509, 0.01503772461998933, 0.9993520753543452, 633.5527551301292;
 0, 0, 0, 1];

rightGlobalCam_pattern = [0.9995882095288395, 0.005424947883501736, -0.02817767398828661, -127.6077535254366;
 -0.005766811597694876, 0.9999105813567428, -0.0120653708943126, -34.23683698645959;
 0.02810970037061167, 0.01222289782669903, 0.999530112359699, 634.5050888063803;
 0, 0, 0, 1];

leftLocalCam_pattern = [0.9145032565021228, -0.3303786287541821, 0.2335246357657342, -179.8874208526844;
 0.4045785179270489, 0.7469671077136716, -0.5275948851399382, 38.11371272438268;
 -0.0001291470675660739, 0.5769662916118917, 0.8167679484802624, 554.7470160700703;
 0, 0, 0, 1];

rightLocalCam_pattern = [0.9145261050521791, -0.3289086618011279, 0.2355017948345235, -228.9945549637503;
 0.4045189871280039, 0.7471977106692995, -0.5273139199978429, 38.41155592863414;
 -0.002528286183269543, 0.5775072929087122, 0.816381610771719, 555.4221133637664;
 0, 0, 0, 1];

rot =     [0.9995,    0.0307,   -0.0026;
           -0.0308,    0.9995,   -0.0067; 
            0.0024,    0.0068,    1.0000];

eul = rad2deg(rotm2eul(rot));
    

%%displacement values in x y z. in relation to left imager and flat front
%%of camera. 202cm z, 5.8mm x -12 y
base_leftGlobalCam =    [1, 0, 0, 2.2;
                         0, 1, 0, -12.5;
                         0, 0, 1, 196.1;
                         0, 0, 0, 1];

leftLocalCam_endeff =   [1, 0, 0, 18;
                         0, 1, 0, 25;
                         0, 0, 1, -43.8;
                         0, 0, 0, 1];
 
base_rightGlobalCam =   [1, 0, 0, 52.2;
                         0, 1, 0, -12.5;
                         0, 0, 1, 196.1;
                         0, 0, 0, 1];
         
rightLocalCam_endeff =  [1, 0, 0, -32;
                         0, 1, 0, 25;
                         0, 0, 1, -43.8;
                         0, 0, 0, 1];


  
Base_endeff_left = base_leftGlobalCam * leftGlobalCam_pattern * ((leftLocalCam_pattern)^(-1)) * leftLocalCam_endeff
Base_endeff_right = base_rightGlobalCam * rightGlobalCam_pattern * ((rightLocalCam_pattern)^(-1)) * rightLocalCam_endeff      

